{
 "cells": [
  {
   "cell_type": "code",
   "execution_count": 1,
   "metadata": {},
   "outputs": [],
   "source": [
    "import pandas as pd\n",
    "import seaborn as sn\n",
    "import matplotlib.pyplot as plt"
   ]
  },
  {
   "cell_type": "code",
   "execution_count": 2,
   "metadata": {},
   "outputs": [
    {
     "name": "stdout",
     "output_type": "stream",
     "text": [
      "<class 'pandas.core.frame.DataFrame'>\n",
      "RangeIndex: 2600 entries, 0 to 2599\n",
      "Columns: 501 entries, a_0 to classe\n",
      "dtypes: int64(501)\n",
      "memory usage: 9.9 MB\n"
     ]
    }
   ],
   "source": [
    "databaseMadelon = pd.read_csv(\"data/Madelon.csv\", encoding=\"utf-8\")\n",
    "databaseMadelon.info()"
   ]
  },
  {
   "cell_type": "code",
   "execution_count": 3,
   "metadata": {},
   "outputs": [
    {
     "name": "stdout",
     "output_type": "stream",
     "text": [
      "            a_1       a_2       a_3       a_4       a_5       a_6       a_7  \\\n",
      "a_1    1.000000 -0.013731  0.007702  0.024493 -0.013321 -0.019353  0.015763   \n",
      "a_2   -0.013731  1.000000  0.008097  0.000298 -0.004214  0.010097 -0.021142   \n",
      "a_3    0.007702  0.008097  1.000000 -0.003623  0.018354  0.000226 -0.015736   \n",
      "a_4    0.024493  0.000298 -0.003623  1.000000 -0.009436  0.001218  0.020911   \n",
      "a_5   -0.013321 -0.004214  0.018354 -0.009436  1.000000 -0.033426 -0.001170   \n",
      "...         ...       ...       ...       ...       ...       ...       ...   \n",
      "a_495  0.019448  0.048080  0.020029  0.014977  0.009258  0.004995  0.010044   \n",
      "a_496  0.040476  0.002344 -0.010481  0.051843  0.015354  0.021644  0.019482   \n",
      "a_497 -0.004938  0.028050  0.002225 -0.001291  0.026771 -0.021079  0.011805   \n",
      "a_498  0.003167  0.018470 -0.022801  0.033795 -0.013333  0.027172  0.009351   \n",
      "a_499  0.018204  0.018266  0.006716  0.014600  0.015195  0.005726  0.022491   \n",
      "\n",
      "            a_8       a_9      a_10  ...     a_490     a_491     a_492  \\\n",
      "a_1    0.000539 -0.004779 -0.015979  ...  0.017191  0.008118  0.016305   \n",
      "a_2    0.013721 -0.009465  0.014090  ...  0.002427 -0.003908  0.010937   \n",
      "a_3   -0.026343  0.025763 -0.007482  ... -0.002720 -0.049163 -0.027077   \n",
      "a_4   -0.039873 -0.022765 -0.026726  ... -0.018176  0.004314 -0.037523   \n",
      "a_5    0.027943  0.012168  0.013658  ... -0.000054  0.021484 -0.025359   \n",
      "...         ...       ...       ...  ...       ...       ...       ...   \n",
      "a_495 -0.002057 -0.030131  0.023508  ...  0.006966 -0.025653 -0.000817   \n",
      "a_496 -0.020582  0.048130  0.002037  ... -0.017560 -0.000386  0.009611   \n",
      "a_497 -0.009962 -0.014067 -0.026734  ... -0.007653 -0.028063  0.010635   \n",
      "a_498  0.023399  0.002890  0.030551  ... -0.011883 -0.019491  0.028484   \n",
      "a_499  0.049998 -0.020451 -0.026782  ...  0.017317 -0.015773 -0.015043   \n",
      "\n",
      "          a_493     a_494     a_495     a_496     a_497     a_498     a_499  \n",
      "a_1    0.021365 -0.009012  0.019448  0.040476 -0.004938  0.003167  0.018204  \n",
      "a_2   -0.005700  0.015542  0.048080  0.002344  0.028050  0.018470  0.018266  \n",
      "a_3   -0.001949  0.001835  0.020029 -0.010481  0.002225 -0.022801  0.006716  \n",
      "a_4    0.009428  0.020352  0.014977  0.051843 -0.001291  0.033795  0.014600  \n",
      "a_5   -0.018288 -0.016135  0.009258  0.015354  0.026771 -0.013333  0.015195  \n",
      "...         ...       ...       ...       ...       ...       ...       ...  \n",
      "a_495  0.003759  0.026165  1.000000 -0.004372 -0.015963 -0.014210 -0.011435  \n",
      "a_496 -0.038100 -0.012500 -0.004372  1.000000  0.001988 -0.002512 -0.021976  \n",
      "a_497 -0.038109 -0.038224 -0.015963  0.001988  1.000000 -0.011878  0.021816  \n",
      "a_498  0.021823 -0.004360 -0.014210 -0.002512 -0.011878  1.000000  0.017021  \n",
      "a_499 -0.020412  0.013101 -0.011435 -0.021976  0.021816  0.017021  1.000000  \n",
      "\n",
      "[499 rows x 499 columns]\n"
     ]
    }
   ],
   "source": [
    "correlationPearson = databaseMadelon.iloc[:, 1:-1].corr(method='pearson')\n",
    "print(correlationPearson)"
   ]
  },
  {
   "cell_type": "code",
   "execution_count": 4,
   "metadata": {},
   "outputs": [],
   "source": [
    "databaseMadelon = databaseMadelon.dropna()"
   ]
  },
  {
   "cell_type": "code",
   "execution_count": 6,
   "metadata": {},
   "outputs": [
    {
     "name": "stdout",
     "output_type": "stream",
     "text": [
      "             a_0       a_1       a_2       a_3       a_4       a_5       a_6  \\\n",
      "a_0     1.000000  0.020146 -0.032128 -0.004837 -0.008465  0.017893  0.032264   \n",
      "a_1     0.020146  1.000000 -0.013731  0.007702  0.024493 -0.013321 -0.019353   \n",
      "a_2    -0.032128 -0.013731  1.000000  0.008097  0.000298 -0.004214  0.010097   \n",
      "a_3    -0.004837  0.007702  0.008097  1.000000 -0.003623  0.018354  0.000226   \n",
      "a_4    -0.008465  0.024493  0.000298 -0.003623  1.000000 -0.009436  0.001218   \n",
      "...          ...       ...       ...       ...       ...       ...       ...   \n",
      "a_496   0.012457  0.040476  0.002344 -0.010481  0.051843  0.015354  0.021644   \n",
      "a_497  -0.025676 -0.004938  0.028050  0.002225 -0.001291  0.026771 -0.021079   \n",
      "a_498   0.012710  0.003167  0.018470 -0.022801  0.033795 -0.013333  0.027172   \n",
      "a_499  -0.032624  0.018204  0.018266  0.006716  0.014600  0.015195  0.005726   \n",
      "classe  0.005484 -0.006124 -0.004412 -0.003355  0.042295 -0.039099 -0.014273   \n",
      "\n",
      "             a_7       a_8       a_9  ...     a_491     a_492     a_493  \\\n",
      "a_0     0.032043 -0.016334  0.000212  ...  0.021908 -0.000911  0.010597   \n",
      "a_1     0.015763  0.000539 -0.004779  ...  0.008118  0.016305  0.021365   \n",
      "a_2    -0.021142  0.013721 -0.009465  ... -0.003908  0.010937 -0.005700   \n",
      "a_3    -0.015736 -0.026343  0.025763  ... -0.049163 -0.027077 -0.001949   \n",
      "a_4     0.020911 -0.039873 -0.022765  ...  0.004314 -0.037523  0.009428   \n",
      "...          ...       ...       ...  ...       ...       ...       ...   \n",
      "a_496   0.019482 -0.020582  0.048130  ... -0.000386  0.009611 -0.038100   \n",
      "a_497   0.011805 -0.009962 -0.014067  ... -0.028063  0.010635 -0.038109   \n",
      "a_498   0.009351  0.023399  0.002890  ... -0.019491  0.028484  0.021823   \n",
      "a_499   0.022491  0.049998 -0.020451  ... -0.015773 -0.015043 -0.020412   \n",
      "classe  0.025708  0.003928 -0.024055  ...  0.006769 -0.024268 -0.083677   \n",
      "\n",
      "           a_494     a_495     a_496     a_497     a_498     a_499    classe  \n",
      "a_0     0.008812 -0.035144  0.012457 -0.025676  0.012710 -0.032624  0.005484  \n",
      "a_1    -0.009012  0.019448  0.040476 -0.004938  0.003167  0.018204 -0.006124  \n",
      "a_2     0.015542  0.048080  0.002344  0.028050  0.018470  0.018266 -0.004412  \n",
      "a_3     0.001835  0.020029 -0.010481  0.002225 -0.022801  0.006716 -0.003355  \n",
      "a_4     0.020352  0.014977  0.051843 -0.001291  0.033795  0.014600  0.042295  \n",
      "...          ...       ...       ...       ...       ...       ...       ...  \n",
      "a_496  -0.012500 -0.004372  1.000000  0.001988 -0.002512 -0.021976 -0.057673  \n",
      "a_497  -0.038224 -0.015963  0.001988  1.000000 -0.011878  0.021816  0.036609  \n",
      "a_498  -0.004360 -0.014210 -0.002512 -0.011878  1.000000  0.017021  0.017214  \n",
      "a_499   0.013101 -0.011435 -0.021976  0.021816  0.017021  1.000000  0.006662  \n",
      "classe  0.049052 -0.005796 -0.057673  0.036609  0.017214  0.006662  1.000000  \n",
      "\n",
      "[501 rows x 501 columns]\n"
     ]
    }
   ],
   "source": [
    "correlationPearson = databaseMadelon.corr(method='pearson')\n",
    "print(correlationPearson)"
   ]
  },
  {
   "cell_type": "code",
   "execution_count": null,
   "metadata": {},
   "outputs": [],
   "source": [
    "plt.figure(figsize=(25, 10))\n",
    "plot = sn.heatmap(correlationPearson, annot=True, fmt=\".1f\", linewidths=.6)\n",
    "plt.show()"
   ]
  }
 ],
 "metadata": {
  "kernelspec": {
   "display_name": "python-study",
   "language": "python",
   "name": "python3"
  },
  "language_info": {
   "codemirror_mode": {
    "name": "ipython",
    "version": 3
   },
   "file_extension": ".py",
   "mimetype": "text/x-python",
   "name": "python",
   "nbconvert_exporter": "python",
   "pygments_lexer": "ipython3",
   "version": "3.9.19"
  }
 },
 "nbformat": 4,
 "nbformat_minor": 2
}
